TABLE 3
OBSERVED DATA


Name
(1)

Aa
(2)

&5
(3)

I
(K km s 1)
(4)

a1
(K km s~ `)
(5)

TMB(Peak)
(mK)
(6)

rms
(mK)
(7)

VMean
(km s~ 1)
(8)




l2~ J





NGC2146 

-O~591
-0.296
0
0.296
0.591
-0.231
0.231

O~462
0.231
0
-0.231
-0.462
-0.296
0.296

14.4
51.1
61.4
40.0
18.0
50.1
25.6

1.9
5.2
6.3 ~
4.4
2.6
5.3
2.8

110
220
230
190
140
190
130

18
10
16
17
18
19
13

1020
960
886
828
762
880
874

IC 342 

-0.256
-0.128
0
0.128
0.256
-0.704
-0.352
0.352
0.704

-0.704
-0.352
0
0.352
0.704
0.256
0.128
-0.128
-0.256

21.7
43.6
71.5
62.1
33.5
8.3
49.4
26.5
11.5

2.5
4.5
7.3
6.3
3.5
1.2
5.1
2.9
1.6

390
790
980
930
540
220
700
460
210

29
32
32
30
27
24
29
27
29

4
15
29
38
48
-1
25
39
47




12~~ 1 - 2-1





NGC2146 

-0.591
-0.296
0
0.296
0.591
-0.231
0.231

0.462
0.231
0
-0.231
-0.462
-0.296
0.296

14.0
61.8
123.3
58.7
. . .

30.6
35.8

10.3
15.9
27.4
14.9
. . .

8.0
8.5

330
420
450
360
380
200
150

156
44
31
59
107
27
26

1003
974
898
794
800
838
894

IC 342 

-0.256
-0.128
0
0.128
0.256
-0.704
-0.352
0.352
0.704

-0.704
-0.352
0
0.352
0.704
0.256
0.128
-0.128
-0.256

32.7
88.1
120.8
86.3
26.8
12.5
54.9
14.4
11.3

8.7
20.3
27.3
20.6
7.7
5.0
13.0
5.3
5.6

630
1420
1760
1590
570
300
890
350
230

120
159
125
202
122
114
115
100
132

4
22
31
40
48
30
27
58
53




13~~ ~J =





NGC 2146 

-0.591
-0.296
0
0.296
0.591
-0.231
0.231

0.462
0.231
0
-0.231
-0.462
-0.296
0.296

1.3
2.9
3.7
3.0
1.4
2.6
3.2

0.4
0.6
0.6
0.7
0.4
0.8
0.7

20
20
30
20
10
20
20

6
5
5
5
6
7
8

991
954
903
882
701
893
890

IC 342 

-0.256
-0.128
0
0.128
0.256
-0.352
0.352

-0.704
-0.352
0
0.352
0.704
0.128
-0.128

2.1
4.9
6.9
5.6
4.4
3.1
2.9

0.6
0.7
0.9
0.8
0.9
0.7
0.8

60
90
130
80
60
50
80

12
15
13
15
19
13
17

-5
19
23
33
50
27
40




l3~ J = 2-1





NGC2146 

-0.296
0
0.296
-0.231
0.231

0.231
0
-0.231
-0.296
0.296

30.1
32.1
19.9
28.8
14.9

10.8
8.4
5.7
8.6
5.0

190
170
130
160
250

36
38
39
52
36

871
884
921
952
861

IC 342 

-0.128
0
0.128
-0.352
0.352

-0.352
0
0.352
0.128
-0.128

8.7
14.2
7.1
6.4
3.4

3.3
3.8
3.2
3.2
2.3

240
290
150
190
130

68
39
67
70
50

4
13
39
-2
39




Cs J = 2-1





NGC2146 
1C342 

0
0

0
0

2.9
1.5

0.5
0.3

36
36

5
5

849
22
